m1 = 0.18534; m2 = 0.38090;

k1 = 3; k2 = 3; k3 = 3;

x1_0 = 0; x2_0 = 0;
v1_0 = 0; v2_0 = 0;